 INFO =            0
 UPLO = U
 LWORK =   1443778817
 LIWORK =       402963
 Finished
 INFO =            0  if = 0 it is fine
 UPLO = U
 LWORK =   1443778817
 LIWORK =       402963
 WORK(1) =   1443510177
 IWORK(1) =       134323
  0.00581204  0.01090317  0.01150718  0.01152806  0.01249485  0.01601961  0.01693192  0.01722967  0.01751088  0.01760928
