 INFO =            0
 UPLO = U
 LWORK =   1443778817
 LIWORK =       402963
 Finished
 INFO =            0  if = 0 it is fine
 UPLO = U
 LWORK =   1443778817
 LIWORK =       402963
 WORK(1) =   1443510177
 IWORK(1) =       134323
  0.05813468  0.06309437  0.06451696  0.06724213  0.06911062  0.07125699  0.07190107  0.07343976  0.07612985  0.07753036
