 INFO =            0
 UPLO = U
 LWORK =   1443778817
 LIWORK =       402963
 Finished
 INFO =            0  if = 0 it is fine
 UPLO = U
 LWORK =   1443778817
 LIWORK =       402963
 WORK(1) =   1443510177
 IWORK(1) =       134323
  0.07705455  0.08700515  0.09047838  0.09533610  0.09930116  0.10192388  0.10325011  0.10687240  0.11018866  0.11070850
